a_s = 2.1e-09
baryon_fraction = 0.16
cs2_de = 1.0
h0 = 0.7
hubble = 70.0
k_s = 0.05
n_run = 0.0
n_s = 0.96
ombh2 = 0.019599999999999996
omch2 = 0.10289999999999999
omega_b = 0.04
omega_c = 0.21
omega_k = 0.0
omega_lambda = 0.75
omega_m = 0.25
omega_nu = 0.0
ommh2 = 0.12249999999999998
omnuh2 = 0.0
r_t = 0.0
sigma_8 = 0.767847988762794
tau = 0.08
w = -1.0
wa = 0.0
yhe = 0.245341
