a_s = 2.1e-09
baryon_fraction = 0.1142857142857143
cs2_de = 1.0
h0 = 0.6
hubble = 60.0
k_s = 0.05
n_run = 0.0
n_s = 0.96
ombh2 = 0.0144
omch2 = 0.1116
omega_b = 0.04
omega_c = 0.31
omega_k = 0.0
omega_lambda = 0.65
omega_m = 0.35
omega_nu = 0.0
ommh2 = 0.126
omnuh2 = 0.0
r_t = 0.0
sigma_8 = 0.8180492899893246
tau = 0.08
w = -1.0
wa = 0.0
yhe = 0.245341
