# des_sv_covariance
1.935243596333946422e-10 2.062191389036255620e-11 7.540068305833602038e-12 3.788934030457022777e-12 3.774853812842527489e-12 1.017654215930555389e-11 1.883168188065800936e-11 1.502062886464105779e-11 6.992570327921671138e-12 5.117365829842819013e-12 4.960175540175523591e-12 4.910778290640873876e-12 3.500848102762446886e-12 1.536220326804113104e-12 2.481688637283872127e-12 -8.500166743268750578e-13 -9.677833717485134313e-13 3.681918747850732547e-12 2.574278778060336341e-12 4.982535935256496317e-12 2.036174143959264947e-12 4.653596394200179337e-12 8.145157513554508038e-12 7.157169848537609099e-12 -1.390549052969132925e-12 1.789025568231621266e-12 1.045626010166549320e-12 1.192005212399837384e-12 1.544963623094750598e-12 9.936986744498559668e-13 8.991434668933414434e-13 4.845725043156449603e-13 1.696755545396915978e-13 1.635453591349953343e-12 2.174070183512050339e-12 1.098821458248308406e-12
2.062191389036255620e-11 4.408592663201948357e-10 2.382084581015242571e-11 1.613352206321275552e-11 5.689864027787336184e-12 1.583201398565530321e-11 2.636651960537661823e-11 2.310974463764069814e-11 -5.667529475394436192e-12 1.055563070128235767e-11 1.388529023472932687e-11 1.660408948215800974e-11 8.115174413123378502e-12 1.949991801716882996e-11 4.491295350574019117e-12 8.046137310513041030e-12 2.213994179298224663e-12 4.282048678227879639e-12 5.891063811747565255e-12 6.895934939467533606e-12 3.955353497567948145e-12 4.303655608717911078e-12 7.145891137071643438e-12 1.009896730315665469e-11 2.224759042616368718e-12 1.765952953873874065e-12 1.016214180853461013e-13 3.313526388308766002e-12 8.949106747698046388e-13 8.516167227172624074e-13 1.236282288763001162e-12 7.927065159697144641e-13 -2.296392322902596784e-14 -3.198494829056115368e-13 4.662186204314124312e-13 1.526231656142423907e-12
7.540068305833602038e-12 2.382084581015242571e-11 6.401652532549425878e-11 8.324245144906051974e-12 8.934372305698279766e-12 1.587959840349090877e-12 8.105261509700390458e-12 2.466501353571267490e-12 3.623528433452049821e-12 4.598080804382129235e-12 8.802576067131925460e-12 3.926366104673831914e-12 4.441228691123587558e-12 5.306616513151201438e-12 3.019679616576003647e-12 1.602301591382300368e-12 1.625500334348287460e-12 -2.033499002060228315e-13 1.202289538231574462e-12 1.829288424236752687e-12 3.881566699191679754e-13 4.961066140709803256e-13 2.449996932161739945e-12 7.635025761296428590e-13 -6.363936483266634659e-13 8.535256952558276148e-13 1.034874514796019314e-12 4.647215293720697261e-13 9.072561490442759165e-13 1.651949271479393125e-12 6.106333913802583413e-13 7.625199245501429163e-13 7.042513837794565602e-13 4.123452471795146857e-13 8.566421629573525322e-13 7.827795662674908055e-13
3.788934030457022777e-12 1.613352206321275552e-11 8.324245144906051974e-12 3.621303022640150625e-11 5.975270803091927925e-12 8.838609384179037143e-12 6.134266657305397402e-12 1.493168195243781472e-11 1.541387591565519988e-12 4.364445429140711688e-12 3.189055700241141411e-12 6.733273239903024602e-12 3.738167406784377186e-12 8.390663179931353876e-12 1.494425919219877959e-12 1.879971117912302072e-12 7.412770119284528712e-13 1.206552109259057439e-12 2.374526483607110699e-12 1.024108933540373203e-12 8.390870764554656265e-13 8.322881299208035670e-13 1.184338772980473956e-12 1.941454876712860382e-12 3.000593586749932767e-13 9.245193381270439037e-13 8.406192457137751149e-13 1.620622214187925331e-12 1.352328951944705007e-12 1.356237841925718037e-12 1.921823292387286702e-14 3.552147992143957167e-13 -3.753869985776462773e-15 6.797351616999673340e-13 3.112272905331596559e-13 -2.702967266109569087e-13
3.774853812842527489e-12 5.689864027787336184e-12 8.934372305698279766e-12 5.975270803091927925e-12 4.271455085446103883e-11 2.327321155397725971e-12 5.172878160266882368e-12 1.638315428717532492e-11 3.858335172611166548e-12 5.116792060811916655e-12 4.989456817942143837e-12 3.082762406320940894e-12 4.949067425144480506e-12 3.237002742600160594e-12 2.293997973375400477e-12 7.900283458614608785e-13 1.834165354103207811e-12 2.826242307744772922e-12 2.218031387477516262e-12 4.222280205350644725e-13 1.880118694361053953e-12 7.352175142448376885e-13 8.159403661568505411e-13 1.982862597284334728e-12 -2.824759470384626897e-13 8.006853426441086270e-13 1.567437390304776132e-12 8.012145422602597061e-13 1.110586153861201163e-12 6.759725133994479787e-13 7.747053167123467470e-13 1.046333713129628605e-12 1.288439863779016140e-12 9.535581588652354837e-13 1.091249437902984076e-12 7.270205182497956063e-13
1.017654215930555389e-11 1.583201398565530321e-11 1.587959840349090877e-12 8.838609384179037143e-12 2.327321155397725971e-12 6.739281317297247581e-11 1.012049465792348643e-11 2.084002027759216962e-11 7.145701369662978304e-12 5.382624251160820731e-12 1.648414666118384567e-12 6.793355277263888064e-12 8.454596394885606375e-12 4.225235598387121966e-12 1.216352671083460037e-12 2.264221442935404452e-12 1.688648608471664431e-12 4.440042453436101734e-12 2.604245684757766083e-12 1.370196456254544376e-12 3.124230243252986274e-13 -5.360917875263763912e-13 1.530594036451161390e-12 3.645055598762310515e-12 -9.469808300351640459e-13 1.454849585393546775e-12 2.950458190052790740e-13 1.579765890378295395e-12 1.194820160359469878e-12 1.638309871075327929e-12 3.810698273094209314e-13 3.055229563956826262e-13 2.478344650238636233e-13 7.106735856998283919e-13 4.060426809987463501e-13 -1.754473665416110784e-13
1.883168188065800936e-11 2.636651960537661823e-11 8.105261509700390458e-12 6.134266657305397402e-12 5.172878160266882368e-12 1.012049465792348643e-11 4.384390729704707910e-11 2.011557137797023844e-11 2.001034689558756707e-12 5.851425421012246301e-12 8.931368192341147542e-12 1.112779553972278350e-11 7.840303075787015685e-12 1.574395858065292028e-11 3.171164453123600938e-12 2.471290619420768572e-12 2.584852846823657413e-12 4.057554767302424173e-12 3.242465198715179363e-12 4.702092997777759418e-12 1.170016697085306943e-12 1.957032940613479020e-12 3.405982433830508245e-12 2.974007216067450827e-12 -1.187628520465372283e-14 1.359604045729522061e-12 1.535529238522675527e-12 9.798850820542208635e-13 1.716388545933555361e-12 1.811401704788171233e-12 6.595618657877835660e-13 7.935525711721505876e-13 7.529097775684514803e-13 6.008590947171724578e-13 9.840149952367872966e-13 8.899520204934016984e-13
1.502062886464105779e-11 2.310974463764069814e-11 2.466501353571267490e-12 1.493168195243781472e-11 1.638315428717532492e-11 2.084002027759216962e-11 2.011557137797023844e-11 8.758737368440928440e-11 3.817574499568223869e-12 8.898604111870571715e-12 1.026297840865889176e-11 2.121725782957341048e-12 8.218222513722944056e-12 2.719875589151082589e-11 2.495080042827255522e-12 4.297457454051063624e-12 4.777166845991061617e-12 3.983434564619041576e-12 6.481698824306954182e-12 8.062329779422888600e-12 2.035662958708612740e-12 3.831747329604523171e-13 3.391299627886886677e-12 4.666115501284226316e-12 8.567510184852034936e-13 1.775030624935123188e-12 2.079240161870942500e-12 1.129499645881331196e-12 2.367027016206790755e-12 3.967474517296410858e-12 1.280798326670299596e-12 1.535593206855692458e-12 1.721682223554642701e-12 2.208563831358918464e-12 2.221558787777989821e-12 2.378725195664533111e-12
6.992570327921671138e-12 -5.667529475394436192e-12 3.623528433452049821e-12 1.541387591565519988e-12 3.858335172611166548e-12 7.145701369662978304e-12 2.001034689558756707e-12 3.817574499568223869e-12 1.585985745311951859e-11 4.296754432079479771e-12 4.827760272605565548e-12 -4.178378349442973395e-13 1.695639816076107700e-12 1.048682508670737160e-12 1.302345196933713015e-12 8.918707658242671765e-13 1.709044141382982212e-12 1.298627920721459682e-12 1.315239364621548830e-12 1.911860318296697225e-12 5.102299527110937566e-13 -7.281953447100991111e-13 1.063008512722341853e-13 1.156961883195986239e-12 2.685684612504926490e-13 6.050134414900509149e-13 5.939266929804618042e-13 3.288740222477616330e-13 2.999201526602278791e-13 9.901078058247236013e-13 8.993975645523768080e-14 3.440225732391652258e-13 3.520435263662386250e-13 6.783466376018634858e-13 7.191036709916580796e-13 5.015745366337761460e-13
5.117365829842819013e-12 1.055563070128235767e-11 4.598080804382129235e-12 4.364445429140711688e-12 5.116792060811916655e-12 5.382624251160820731e-12 5.851425421012246301e-12 8.898604111870571715e-12 4.296754432079479771e-12 9.102280776276894143e-12 4.369405928531883227e-12 3.305599969395681265e-12 3.361408713041731383e-12 5.924986406236807848e-12 1.755275102244243559e-12 1.398362502422498530e-12 1.458396339513411159e-12 2.519942504648683243e-12 2.596638202762133680e-12 2.513939708478173873e-12 6.984329306921350964e-13 7.166347533922260528e-13 7.532675207309536402e-13 1.085423406023553835e-12 3.245525661153938870e-13 5.767171784755415913e-13 7.214990453589535923e-13 4.188831946796266630e-13 5.793634586734938354e-13 7.746941203953600405e-13 4.155675139980844146e-13 5.019313609598253856e-13 3.875310364722269366e-13 5.369310275303765951e-13 5.169683492644534946e-13 3.707549044622622780e-13
4.960175540175523591e-12 1.388529023472932687e-11 8.802576067131925460e-12 3.189055700241141411e-12 4.989456817942143837e-12 1.648414666118384567e-12 8.931368192341147542e-12 1.026297840865889176e-11 4.827760272605565548e-12 4.369405928531883227e-12 1.218495330333794679e-11 1.152995517134538753e-12 3.901192610136012073e-12 8.446370911581731583e-12 2.210511798012435912e-12 1.820061738693374858e-12 2.371366519665470058e-12 4.867243130722372626e-13 2.060578134740703419e-12 4.348580062086866573e-12 1.909507548079723037e-13 5.656547876742861624e-13 1.223918799435015460e-12 8.397823875864989866e-13 4.155905588772075834e-13 9.495196596868336436e-13 1.069495374013412225e-12 4.640424396145129579e-13 8.922915111786545933e-13 1.117958322414471156e-12 3.595980914518550828e-13 5.218247970226444029e-13 7.734523401450428275e-13 4.396073124562178365e-13 7.370293786884691176e-13 8.832101253751321647e-13
4.910778290640873876e-12 1.660408948215800974e-11 3.926366104673831914e-12 6.733273239903024602e-12 3.082762406320940894e-12 6.793355277263888064e-12 1.112779553972278350e-11 2.121725782957341048e-12 -4.178378349442973395e-13 3.305599969395681265e-12 1.152995517134538753e-12 2.295168273205924998e-11 6.929473673709038098e-12 4.300893512584793961e-12 5.145721650166096042e-13 1.426233695418654308e-12 6.375725559079902405e-13 3.713984295402671874e-12 2.852853983028801806e-12 -5.812274687031657356e-13 1.315763879265112728e-12 1.496686577517901635e-13 9.080350247003806741e-13 1.763345322861755768e-12 1.356400944724888691e-13 6.427419372682673036e-13 1.071273219055853998e-13 1.337280690771996647e-12 9.472318631017396235e-13 5.324380208259541085e-13 3.365364667471754406e-13 4.354114948294722782e-13 1.847897304818733225e-13 7.985591041065346852e-13 4.330291501288406381e-13 -4.675590990716502754e-13
3.500848102762446886e-12 8.115174413123378502e-12 4.441228691123587558e-12 3.738167406784377186e-12 4.949067425144480506e-12 8.454596394885606375e-12 7.840303075787015685e-12 8.218222513722944056e-12 1.695639816076107700e-12 3.361408713041731383e-12 3.901192610136012073e-12 6.929473673709038098e-12 1.254191077244253351e-11 9.885037079876623492e-12 1.968861857404274620e-12 2.185947419897867706e-12 2.638335177231502149e-12 3.337639466934166697e-12 3.940159032878003821e-12 3.603887322146104077e-12 3.725228821548349786e-13 -1.396722836190475501e-13 1.280838022852445960e-12 1.226375791042207974e-12 -1.457876078716530924e-13 7.383632954190119541e-13 5.608850428813127453e-13 1.118682065687483959e-12 1.019685534612808385e-12 1.467108596924329019e-12 2.923231655416459227e-13 4.719111820439629606e-13 6.263407029853780689e-13 7.926044081651114292e-13 9.958837232564512192e-13 8.937852084342120398e-13
1.536220326804113104e-12 1.949991801716882996e-11 5.306616513151201438e-12 8.390663179931353876e-12 3.237002742600160594e-12 4.225235598387121966e-12 1.574395858065292028e-11 2.719875589151082589e-11 1.048682508670737160e-12 5.924986406236807848e-12 8.446370911581731583e-12 4.300893512584793961e-12 9.885037079876623492e-12 2.924065647070843745e-11 2.957412883815142680e-12 3.130275597432148399e-12 3.663997180041903045e-12 3.257004954961742320e-12 6.445923143810388284e-12 1.019588383251201221e-11 4.230295021149011801e-13 4.298253900000535230e-14 1.585048120839112412e-12 2.292421744934821154e-12 -1.162328796022023730e-13 9.440010007539702696e-13 1.090777186873536212e-12 4.946338925848700728e-13 1.157223340160308471e-12 2.361232122278268057e-12 5.364988488951194760e-13 7.224175720428357514e-13 9.408551070172985664e-13 8.409447192504715811e-13 1.007791752875099157e-12 1.760242808389764969e-12
2.481688637283872127e-12 4.491295350574019117e-12 3.019679616576003647e-12 1.494425919219877959e-12 2.293997973375400477e-12 1.216352671083460037e-12 3.171164453123600938e-12 2.495080042827255522e-12 1.302345196933713015e-12 1.755275102244243559e-12 2.210511798012435912e-12 5.145721650166096042e-13 1.968861857404274620e-12 2.957412883815142680e-12 3.944593979163145628e-12 1.414923651903693051e-12 1.246094764030708545e-12 1.383256711196969629e-12 1.352039950393367733e-12 1.446286177516541416e-12 2.543178456346241703e-14 1.940668322383854502e-13 5.540398015005797620e-13 3.623665834469644392e-13 1.188046518867719428e-14 3.128110405377588015e-13 5.073710241967666034e-13 1.905969237812015536e-14 3.481550126759093695e-13 3.607929527054852436e-13 2.190520041719832927e-13 2.849393982018259761e-13 3.120820398676502491e-13 1.956612848041908000e-13 2.450920694753629807e-13 4.390659800310134750e-13
-8.500166743268750578e-13 8.046137310513041030e-12 1.602301591382300368e-12 1.879971117912302072e-12 7.900283458614608785e-13 2.264221442935404452e-12 2.471290619420768572e-12 4.297457454051063624e-12 8.918707658242671765e-13 1.398362502422498530e-12 1.820061738693374858e-12 1.426233695418654308e-12 2.185947419897867706e-12 3.130275597432148399e-12 1.414923651903693051e-12 2.647534971398188004e-12 1.270713479834602222e-12 1.692543213223797387e-12 1.775332186125627214e-12 1.513950319153571453e-12 9.001246469470274306e-14 5.797062727488712618e-14 2.060230518260861551e-13 4.524592264375594076e-13 1.265551706630150147e-13 3.639583765709096036e-13 2.499308761388979785e-13 2.568594156175811673e-13 3.818011515500903291e-13 4.477414742186175081e-13 2.821695313654950226e-13 2.865790420453970240e-13 2.717771275779542066e-13 3.403088437126643669e-13 2.632473596567291181e-13 2.621293441563322706e-13
-9.677833717485134313e-13 2.213994179298224663e-12 1.625500334348287460e-12 7.412770119284528712e-13 1.834165354103207811e-12 1.688648608471664431e-12 2.584852846823657413e-12 4.777166845991061617e-12 1.709044141382982212e-12 1.458396339513411159e-12 2.371366519665470058e-12 6.375725559079902405e-13 2.638335177231502149e-12 3.663997180041903045e-12 1.246094764030708545e-12 1.270713479834602222e-12 2.872676961842589420e-12 9.724926814300775445e-13 1.790913783206092167e-12 2.517049090630546960e-12 8.363740959710297149e-14 -2.332357651206515651e-13 1.055475822668354912e-13 2.598792743921726923e-14 1.821003974018663939e-13 3.840953401887727284e-13 2.333917521595237963e-13 1.974083200807315086e-13 2.988352731890656782e-13 5.242969783400648084e-13 2.486137801373989093e-13 3.004335626314461886e-13 4.745606303926818315e-13 1.646645088478285718e-13 3.666936187155973790e-13 5.575566191181538024e-13
3.681918747850732547e-12 4.282048678227879639e-12 -2.033499002060228315e-13 1.206552109259057439e-12 2.826242307744772922e-12 4.440042453436101734e-12 4.057554767302424173e-12 3.983434564619041576e-12 1.298627920721459682e-12 2.519942504648683243e-12 4.867243130722372626e-13 3.713984295402671874e-12 3.337639466934166697e-12 3.257004954961742320e-12 1.383256711196969629e-12 1.692543213223797387e-12 9.724926814300775445e-13 5.810418467949620281e-12 3.591327607853996748e-12 2.339563405558409079e-12 1.441549997962458667e-13 -1.464992428992563515e-13 6.147428708613762960e-13 3.911424833265416142e-13 9.627925192699063603e-14 3.404466939216096729e-13 1.606813683379804084e-13 5.634701529226705405e-13 3.146593646553824922e-13 4.260723124819595393e-13 3.518004687675443609e-13 3.870024698546956472e-13 1.999621290681636430e-13 6.923392036320199130e-13 5.479844635484730397e-13 3.129961970111967267e-13
2.574278778060336341e-12 5.891063811747565255e-12 1.202289538231574462e-12 2.374526483607110699e-12 2.218031387477516262e-12 2.604245684757766083e-12 3.242465198715179363e-12 6.481698824306954182e-12 1.315239364621548830e-12 2.596638202762133680e-12 2.060578134740703419e-12 2.852853983028801806e-12 3.940159032878003821e-12 6.445923143810388284e-12 1.352039950393367733e-12 1.775332186125627214e-12 1.790913783206092167e-12 3.591327607853996748e-12 5.391219888239874747e-12 4.663841459524553468e-12 -1.196701328743702572e-13 -3.137442558826717964e-13 2.279410461070968794e-13 1.863006615682833294e-13 8.461179871149376636e-14 3.951516035285528694e-13 9.050666718761020546e-14 3.828448477780438218e-13 3.869504252444114491e-13 5.113554599536147148e-13 3.817088820854751951e-13 3.747460877081070168e-13 3.733342756211072023e-13 6.898007646451037789e-13 7.781195711275605029e-13 7.342958224300131723e-13
4.982535935256496317e-12 6.895934939467533606e-12 1.829288424236752687e-12 1.024108933540373203e-12 4.222280205350644725e-13 1.370196456254544376e-12 4.702092997777759418e-12 8.062329779422888600e-12 1.911860318296697225e-12 2.513939708478173873e-12 4.348580062086866573e-12 -5.812274687031657356e-13 3.603887322146104077e-12 1.019588383251201221e-11 1.446286177516541416e-12 1.513950319153571453e-12 2.517049090630546960e-12 2.339563405558409079e-12 4.663841459524553468e-12 1.167410698186014819e-11 -5.552067318634191944e-13 -2.804580803388878703e-13 3.105792198250161508e-13 -1.335161644197645548e-13 2.694626856605841488e-14 6.076319142973156451e-13 4.431640265405073192e-13 1.368757600095617509e-13 3.118481194878165342e-13 7.912962967849511654e-13 1.857912530130624555e-13 2.766726687623119828e-13 4.399001593757693373e-13 2.716095963214357903e-13 6.319685137354635452e-13 1.322420569750215708e-12
2.036174143959264947e-12 3.955353497567948145e-12 3.881566699191679754e-13 8.390870764554656265e-13 1.880118694361053953e-12 3.124230243252986274e-13 1.170016697085306943e-12 2.035662958708612740e-12 5.102299527110937566e-13 6.984329306921350964e-13 1.909507548079723037e-13 1.315763879265112728e-12 3.725228821548349786e-13 4.230295021149011801e-13 2.543178456346241703e-14 9.001246469470274306e-14 8.363740959710297149e-14 1.441549997962458667e-13 -1.196701328743702572e-13 -5.552067318634191944e-13 2.050423877830813476e-12 6.950441149557688669e-13 2.654618552124817798e-13 8.497935269032291674e-13 -1.583038873100139601e-13 2.152178287961290309e-13 1.167000142366234178e-13 1.809470614629367181e-13 1.017896440597564427e-13 1.107339349018871133e-14 1.116098899202698138e-13 1.065571740683456151e-13 3.998960714124390735e-14 2.456038249602972696e-13 1.557137124632978966e-13 2.114803977098862063e-14
4.653596394200179337e-12 4.303655608717911078e-12 4.961066140709803256e-13 8.322881299208035670e-13 7.352175142448376885e-13 -5.360917875263763912e-13 1.957032940613479020e-12 3.831747329604523171e-13 -7.281953447100991111e-13 7.166347533922260528e-13 5.656547876742861624e-13 1.496686577517901635e-13 -1.396722836190475501e-13 4.298253900000535230e-14 1.940668322383854502e-13 5.797062727488712618e-14 -2.332357651206515651e-13 -1.464992428992563515e-13 -3.137442558826717964e-13 -2.804580803388878703e-13 6.950441149557688669e-13 2.661467080654963607e-12 5.933254325268810535e-13 6.804191796728395804e-13 1.709115895289796969e-14 1.621353255802044757e-13 1.355764273840076257e-13 1.392765908615616788e-13 -7.484169528406340807e-16 -2.841532719483905650e-14 6.813382894020623112e-14 8.040547426612989000e-14 9.353587887564221430e-14 -3.428264003897168004e-15 -6.825364467948674148e-14 -6.947741989903168116e-14
8.145157513554508038e-12 7.145891137071643438e-12 2.449996932161739945e-12 1.184338772980473956e-12 8.159403661568505411e-13 1.530594036451161390e-12 3.405982433830508245e-12 3.391299627886886677e-12 1.063008512722341853e-13 7.532675207309536402e-13 1.223918799435015460e-12 9.080350247003806741e-13 1.280838022852445960e-12 1.585048120839112412e-12 5.540398015005797620e-13 2.060230518260861551e-13 1.055475822668354912e-13 6.147428708613762960e-13 2.279410461070968794e-13 3.105792198250161508e-13 2.654618552124817798e-13 5.933254325268810535e-13 2.307578538986971567e-12 6.268497634708468640e-13 -2.069632159679528011e-14 1.924450159607060094e-13 2.061887051193467563e-13 1.527030270130421928e-13 1.935896181683078707e-13 3.007542488952950772e-13 1.235460161196366749e-13 8.673957279379182183e-14 1.325006089749233877e-13 1.760293533831595284e-13 1.810463720573337975e-13 3.320485643772678835e-13
7.157169848537609099e-12 1.009896730315665469e-11 7.635025761296428590e-13 1.941454876712860382e-12 1.982862597284334728e-12 3.645055598762310515e-12 2.974007216067450827e-12 4.666115501284226316e-12 1.156961883195986239e-12 1.085423406023553835e-12 8.397823875864989866e-13 1.763345322861755768e-12 1.226375791042207974e-12 2.292421744934821154e-12 3.623665834469644392e-13 4.524592264375594076e-13 2.598792743921726923e-14 3.911424833265416142e-13 1.863006615682833294e-13 -1.335161644197645548e-13 8.497935269032291674e-13 6.804191796728395804e-13 6.268497634708468640e-13 4.143817441609192705e-12 5.757356619069832921e-14 2.489061073351040705e-13 2.937340692814114182e-13 -7.906383864087657863e-14 1.152508410940137996e-13 2.557267592492965260e-13 1.395299746518786087e-13 1.647865029896183657e-13 8.654415307409579244e-14 3.102593495306094963e-13 1.411959917516002306e-13 -8.479091912248064197e-15
-1.390549052969132925e-12 2.224759042616368718e-12 -6.363936483266634659e-13 3.000593586749932767e-13 -2.824759470384626897e-13 -9.469808300351640459e-13 -1.187628520465372283e-14 8.567510184852034936e-13 2.685684612504926490e-13 3.245525661153938870e-13 4.155905588772075834e-13 1.356400944724888691e-13 -1.457876078716530924e-13 -1.162328796022023730e-13 1.188046518867719428e-14 1.265551706630150147e-13 1.821003974018663939e-13 9.627925192699063603e-14 8.461179871149376636e-14 2.694626856605841488e-14 -1.583038873100139601e-13 1.709115895289796969e-14 -2.069632159679528011e-14 5.757356619069832921e-14 6.567859934162697622e-13 1.271897429506603106e-13 1.364447166829206534e-13 -4.905648019566282135e-14 1.658511338237850201e-14 1.941273502813927553e-13 4.845671665656306916e-14 6.318047950253358850e-14 3.399250349629756281e-14 1.856566622221329530e-14 3.527094271554201911e-14 4.398308883353573765e-14
1.789025568231621266e-12 1.765952953873874065e-12 8.535256952558276148e-13 9.245193381270439037e-13 8.006853426441086270e-13 1.454849585393546775e-12 1.359604045729522061e-12 1.775030624935123188e-12 6.050134414900509149e-13 5.767171784755415913e-13 9.495196596868336436e-13 6.427419372682673036e-13 7.383632954190119541e-13 9.440010007539702696e-13 3.128110405377588015e-13 3.639583765709096036e-13 3.840953401887727284e-13 3.404466939216096729e-13 3.951516035285528694e-13 6.076319142973156451e-13 2.152178287961290309e-13 1.621353255802044757e-13 1.924450159607060094e-13 2.489061073351040705e-13 1.271897429506603106e-13 4.698287329259632437e-13 2.278683118549832009e-13 1.983869730872379786e-13 2.077203105846155572e-13 2.293719276051718780e-13 9.266839119114907889e-14 7.856790789397238435e-14 1.051763538411573912e-13 1.105736598733041674e-13 8.921409464979408093e-14 1.105606619810677093e-13
1.045626010166549320e-12 1.016214180853461013e-13 1.034874514796019314e-12 8.406192457137751149e-13 1.567437390304776132e-12 2.950458190052790740e-13 1.535529238522675527e-12 2.079240161870942500e-12 5.939266929804618042e-13 7.214990453589535923e-13 1.069495374013412225e-12 1.071273219055853998e-13 5.608850428813127453e-13 1.090777186873536212e-12 5.073710241967666034e-13 2.499308761388979785e-13 2.333917521595237963e-13 1.606813683379804084e-13 9.050666718761020546e-14 4.431640265405073192e-13 1.167000142366234178e-13 1.355764273840076257e-13 2.061887051193467563e-13 2.937340692814114182e-13 1.364447166829206534e-13 2.278683118549832009e-13 5.477355910329006383e-13 1.629420965803746733e-13 1.824199427766040939e-13 2.980636551395234920e-13 4.470181894634765969e-14 6.680646131947255602e-14 9.081828920833846504e-14 1.098529847840766462e-13 7.904649454896695498e-14 1.175021505003749602e-13
1.192005212399837384e-12 3.313526388308766002e-12 4.647215293720697261e-13 1.620622214187925331e-12 8.012145422602597061e-13 1.579765890378295395e-12 9.798850820542208635e-13 1.129499645881331196e-12 3.288740222477616330e-13 4.188831946796266630e-13 4.640424396145129579e-13 1.337280690771996647e-12 1.118682065687483959e-12 4.946338925848700728e-13 1.905969237812015536e-14 2.568594156175811673e-13 1.974083200807315086e-13 5.634701529226705405e-13 3.828448477780438218e-13 1.368757600095617509e-13 1.809470614629367181e-13 1.392765908615616788e-13 1.527030270130421928e-13 -7.906383864087657863e-14 -4.905648019566282135e-14 1.983869730872379786e-13 1.629420965803746733e-13 9.506208883884284799e-13 2.617844792218798942e-13 2.498707782900324473e-13 1.573239305387292157e-14 5.739200659081168319e-14 7.602113481252564540e-14 1.276765330486935227e-13 9.339173032283116285e-14 -9.073523771999996766e-15
1.544963623094750598e-12 8.949106747698046388e-13 9.072561490442759165e-13 1.352328951944705007e-12 1.110586153861201163e-12 1.194820160359469878e-12 1.716388545933555361e-12 2.367027016206790755e-12 2.999201526602278791e-13 5.793634586734938354e-13 8.922915111786545933e-13 9.472318631017396235e-13 1.019685534612808385e-12 1.157223340160308471e-12 3.481550126759093695e-13 3.818011515500903291e-13 2.988352731890656782e-13 3.146593646553824922e-13 3.869504252444114491e-13 3.118481194878165342e-13 1.017896440597564427e-13 -7.484169528406340807e-16 1.935896181683078707e-13 1.152508410940137996e-13 1.658511338237850201e-14 2.077203105846155572e-13 1.824199427766040939e-13 2.617844792218798942e-13 5.726545432807085772e-13 3.392696206137088639e-13 7.291439099143646694e-14 1.021997240500942785e-13 9.777805935446037578e-14 1.587958111400599117e-13 1.098690306265094695e-13 5.548411326275870499e-14
9.936986744498559668e-13 8.516167227172624074e-13 1.651949271479393125e-12 1.356237841925718037e-12 6.759725133994479787e-13 1.638309871075327929e-12 1.811401704788171233e-12 3.967474517296410858e-12 9.901078058247236013e-13 7.746941203953600405e-13 1.117958322414471156e-12 5.324380208259541085e-13 1.467108596924329019e-12 2.361232122278268057e-12 3.607929527054852436e-13 4.477414742186175081e-13 5.242969783400648084e-13 4.260723124819595393e-13 5.113554599536147148e-13 7.912962967849511654e-13 1.107339349018871133e-14 -2.841532719483905650e-14 3.007542488952950772e-13 2.557267592492965260e-13 1.941273502813927553e-13 2.293719276051718780e-13 2.980636551395234920e-13 2.498707782900324473e-13 3.392696206137088639e-13 1.324254527268475706e-12 1.773676731099286524e-13 1.851149112737694051e-13 1.927159720430514631e-13 1.728027250098654452e-13 1.683576098390011786e-13 1.600815449653807988e-13
8.991434668933414434e-13 1.236282288763001162e-12 6.106333913802583413e-13 1.921823292387286702e-14 7.747053167123467470e-13 3.810698273094209314e-13 6.595618657877835660e-13 1.280798326670299596e-12 8.993975645523768080e-14 4.155675139980844146e-13 3.595980914518550828e-13 3.365364667471754406e-13 2.923231655416459227e-13 5.364988488951194760e-13 2.190520041719832927e-13 2.821695313654950226e-13 2.486137801373989093e-13 3.518004687675443609e-13 3.817088820854751951e-13 1.857912530130624555e-13 1.116098899202698138e-13 6.813382894020623112e-14 1.235460161196366749e-13 1.395299746518786087e-13 4.845671665656306916e-14 9.266839119114907889e-14 4.470181894634765969e-14 1.573239305387292157e-14 7.291439099143646694e-14 1.773676731099286524e-13 2.136219226229490401e-13 1.266114452109761299e-13 1.511581550182079390e-13 1.204041538909078511e-13 1.487493985518098866e-13 1.365001081040748405e-13
4.845725043156449603e-13 7.927065159697144641e-13 7.625199245501429163e-13 3.552147992143957167e-13 1.046333713129628605e-12 3.055229563956826262e-13 7.935525711721505876e-13 1.535593206855692458e-12 3.440225732391652258e-13 5.019313609598253856e-13 5.218247970226444029e-13 4.354114948294722782e-13 4.719111820439629606e-13 7.224175720428357514e-13 2.849393982018259761e-13 2.865790420453970240e-13 3.004335626314461886e-13 3.870024698546956472e-13 3.747460877081070168e-13 2.766726687623119828e-13 1.065571740683456151e-13 8.040547426612989000e-14 8.673957279379182183e-14 1.647865029896183657e-13 6.318047950253358850e-14 7.856790789397238435e-14 6.680646131947255602e-14 5.739200659081168319e-14 1.021997240500942785e-13 1.851149112737694051e-13 1.266114452109761299e-13 1.819418901229829413e-13 1.579296972629840239e-13 1.621673769859531929e-13 1.559054391985853033e-13 1.081280672623595018e-13
1.696755545396915978e-13 -2.296392322902596784e-14 7.042513837794565602e-13 -3.753869985776462773e-15 1.288439863779016140e-12 2.478344650238636233e-13 7.529097775684514803e-13 1.721682223554642701e-12 3.520435263662386250e-13 3.875310364722269366e-13 7.734523401450428275e-13 1.847897304818733225e-13 6.263407029853780689e-13 9.408551070172985664e-13 3.120820398676502491e-13 2.717771275779542066e-13 4.745606303926818315e-13 1.999621290681636430e-13 3.733342756211072023e-13 4.399001593757693373e-13 3.998960714124390735e-14 9.353587887564221430e-14 1.325006089749233877e-13 8.654415307409579244e-14 3.399250349629756281e-14 1.051763538411573912e-13 9.081828920833846504e-14 7.602113481252564540e-14 9.777805935446037578e-14 1.927159720430514631e-13 1.511581550182079390e-13 1.579296972629840239e-13 3.026955742015319381e-13 1.291712893052365454e-13 1.933053617522876296e-13 2.277679683121895552e-13
1.635453591349953343e-12 -3.198494829056115368e-13 4.123452471795146857e-13 6.797351616999673340e-13 9.535581588652354837e-13 7.106735856998283919e-13 6.008590947171724578e-13 2.208563831358918464e-12 6.783466376018634858e-13 5.369310275303765951e-13 4.396073124562178365e-13 7.985591041065346852e-13 7.926044081651114292e-13 8.409447192504715811e-13 1.956612848041908000e-13 3.403088437126643669e-13 1.646645088478285718e-13 6.923392036320199130e-13 6.898007646451037789e-13 2.716095963214357903e-13 2.456038249602972696e-13 -3.428264003897168004e-15 1.760293533831595284e-13 3.102593495306094963e-13 1.856566622221329530e-14 1.105736598733041674e-13 1.098529847840766462e-13 1.276765330486935227e-13 1.587958111400599117e-13 1.728027250098654452e-13 1.204041538909078511e-13 1.621673769859531929e-13 1.291712893052365454e-13 4.573464020102926472e-13 3.202904284936880267e-13 1.613316712532540759e-13
2.174070183512050339e-12 4.662186204314124312e-13 8.566421629573525322e-13 3.112272905331596559e-13 1.091249437902984076e-12 4.060426809987463501e-13 9.840149952367872966e-13 2.221558787777989821e-12 7.191036709916580796e-13 5.169683492644534946e-13 7.370293786884691176e-13 4.330291501288406381e-13 9.958837232564512192e-13 1.007791752875099157e-12 2.450920694753629807e-13 2.632473596567291181e-13 3.666936187155973790e-13 5.479844635484730397e-13 7.781195711275605029e-13 6.319685137354635452e-13 1.557137124632978966e-13 -6.825364467948674148e-14 1.810463720573337975e-13 1.411959917516002306e-13 3.527094271554201911e-14 8.921409464979408093e-14 7.904649454896695498e-14 9.339173032283116285e-14 1.098690306265094695e-13 1.683576098390011786e-13 1.487493985518098866e-13 1.559054391985853033e-13 1.933053617522876296e-13 3.202904284936880267e-13 4.476956027918977773e-13 3.310349359109358862e-13
1.098821458248308406e-12 1.526231656142423907e-12 7.827795662674908055e-13 -2.702967266109569087e-13 7.270205182497956063e-13 -1.754473665416110784e-13 8.899520204934016984e-13 2.378725195664533111e-12 5.015745366337761460e-13 3.707549044622622780e-13 8.832101253751321647e-13 -4.675590990716502754e-13 8.937852084342120398e-13 1.760242808389764969e-12 4.390659800310134750e-13 2.621293441563322706e-13 5.575566191181538024e-13 3.129961970111967267e-13 7.342958224300131723e-13 1.322420569750215708e-12 2.114803977098862063e-14 -6.947741989903168116e-14 3.320485643772678835e-13 -8.479091912248064197e-15 4.398308883353573765e-14 1.105606619810677093e-13 1.175021505003749602e-13 -9.073523771999996766e-15 5.548411326275870499e-14 1.600815449653807988e-13 1.365001081040748405e-13 1.081280672623595018e-13 2.277679683121895552e-13 1.613316712532540759e-13 3.310349359109358862e-13 6.601197162384009287e-13
