a_s = 2.260574e-09
baryon_fraction = 0.1586440677966102
cs2_de = 1.0
h0 = 0.6881
hubble = 68.81
k_s = 0.05000000074505806
massive_nu = 1
massless_nu = 2.046
n_run = 0.0
n_s = 0.9676
ombh2 = 0.022158939348000003
omch2 = 0.116902635602
omega_b = 0.0468
omega_c = 0.2469000551087929
omega_k = 0.0
omega_lambda = 0.7050000000000001
omega_m = 0.295
omega_nu = 0.0012999448912070736
ommh2 = 0.13967707495
omnuh2 = 0.0006155
r_t = 0.0
sigma_8 = 0.8344778229656683
sterile_neutrino = 0
tau = 0.08
w = -1.0
wa = 0.0
yhe = 0.245341
