a_s = 2.096725864418823e-09
baryon_fraction = 0.15806451612903227
cs2_de = 1.0
h0 = 0.67
hubble = 67.0
k_s = 0.05000000074505806
n_run = 0.0
n_s = 0.962
ombh2 = 0.021996100000000005
omch2 = 0.11716290000000003
omega_b = 0.049
omega_c = 0.261
omega_k = 0.0
omega_lambda = 0.69
omega_m = 0.31
omega_nu = 0.0
ommh2 = 0.13915900000000003
omnuh2 = 0.0
r_t = 0.0
sigma8_input = 0.81
sigma_8 = 0.81
tau = 0.0925
w = -1.0
wa = 0.0
yhe = 0.23999999463558197
